VGG-19

[1.9599, 1.8797, 1.8423, 1.8158, 1.755, 1.7136, 1.6534, 1.577, 1.4923, 1.4067, 1.1331, 1.0331, 0.9696, 0.9176, 0.862, 0.8019, 0.7696, 0.7621, 0.7459, 0.7373]
[1.9345, 1.9707, 1.9246, 1.9467, 1.8942, 1.9328, 1.9123, 1.9411, 1.9757, 1.9769, 2.2158, 2.389, 2.4823, 2.6529, 2.8061, 2.8159, 2.8167, 2.8252, 2.8259, 2.8293]

No Pre train:
[1.9916, 1.9416, 1.9141, 1.9004, 1.8783, 1.8571, 1.8262, 1.7989, 1.7657, 1.7148, 1.6627, 1.6171, 1.564, 1.5096, 1.4459, 1.3996, 1.3403, 1.2862, 1.2337, 1.1871]
[1.9464, 1.8951, 1.8859, 1.8757, 1.8521, 1.8567, 1.8401, 1.8398, 1.8635, 1.8872, 1.9103, 1.9686, 1.9898, 2.0083, 2.1427, 2.1225, 2.2065, 2.3068, 2.3061, 2.3894]

Self Supervised:
[2.2126, 2.0247, 2.0132, 2.0248, 1.9983, 1.9989, 2.0027, 2.001, 1.8286, 1.7243, 1.6946, 1.5687, 1.3772, 1.2631, 1.0847, 1.0248, 0.8533, 0.7748]
[2.046, 1.9827, 1.9949, 1.9692, 1.9928, 1.9737, 1.9811, 1.9735, 1.879, 1.8238, 1.7951, 1.7902, 1.7239, 1.6295, 1.6163, 1.6065, 1.5564, 1.4999]
